1|True|7/5/2022 1:05:00 PM|7/5/2022 4:35:00 PM||0.2076|0.0033|0.0104|0.0292|0.089|0.2261|0.037|3.5|0|4.6828|1.7189|0.2076|0.2076|0.343|0.0732|-1|0.1259|0.2076|0.033|0.032|0.005|False|False|0|-1|False|1|
2|True|7/6/2022 1:20:00 PM|7/6/2022 8:15:00 PM||0.2029|0.1718|0.3088|0.3772|0.412|0.5404|0.399|6.92|0|291.1477|288.3683|0.2029|0.2029|22.846|0.0785|-1|22.6279|0.2029|0.684|0.067|0.332|False|False|0|-1|True|2|
3|True|7/8/2022 9:50:00 AM|7/8/2022 3:45:00 PM||0.1918|0.0125|0.0511|0.1119|0.15|0.2857|0.127|5.92|0|18.3578|15.6362|0.1918|0.1918|1.289|0.0702|-1|1.0979|0.1918|0.159|0.049|0.079|False|False|0|-1|False|3|
4|True|7/9/2022 8:45:00 AM|7/9/2022 2:40:00 PM||0.182|0.0037|0.0206|0.0574|0.0981|0.2392|0.074|5.92|0|7.3532|2.7052|0.182|0.182|0.405|0.0551|-1|0.149|0.182|0.056|0.062|0.012|False|False|0|-1|True|4|
5|True|7/13/2022 8:40:00 PM|7/14/2022 12:10:00 AM||0.2114|0.0859|0.1165|0.1422|0.1828|0.3395|0.15|3.5|0|141.5595|138.7584|0.2114|0.2114|11.108|0.0785|-1|10.8882|0.2114|0.088|0.028|0.122|False|False|0|-1|False|5|
6|True|7/15/2022 11:15:00 PM|7/16/2022 4:10:00 AM||0.1922|0.0081|0.0237|0.0448|0.0714|0.2192|0.052|4.92|0|14.9787|12.0465|0.1922|0.1922|0.825|0.0551|-1|0.6635|0.1922|0.033|0.031|0.021|False|False|0|-1|False|6|
7|True|7/17/2022 5:20:00 AM|7/19/2022 12:00:00 PM||0.2171|0.0856|0.1944|0.8202|0.3009|0.8202|1.27|54.67|0|138.4531|135.5946|0.2171|0.2171|9.251|0.0668|-1|9.06|0.2171|1.011|0.509|0.762|False|False|0|-1|False|7|
8|True|7/24/2022 7:50:00 PM|7/25/2022 12:10:00 AM||0.2027|0.0077|0.0264|0.0532|0.0845|0.2378|0.061|4.33|0|12.0778|9.0965|0.2027|0.2027|0.807|0.0668|-1|0.6078|0.2027|0.052|0.033|0.029|False|False|0|-1|False|8|
9|True|7/26/2022 9:10:00 AM|7/26/2022 2:40:00 PM||0.1959|0.0068|0.0265|0.0564|0.091|0.3555|0.068|5.5|0|9.6387|6.6993|0.1959|0.1959|0.706|0.0732|-1|0.4907|0.1959|0.052|0.049|0.019|False|False|0|-1|False|9|
10|True|7/27/2022 4:15:00 AM|7/27/2022 9:00:00 PM||0.1988|0.0997|0.2957|0.4355|0.3816|0.5297|0.475|16.75|0|105.0482|102.1655|0.1988|0.1988|8.243|0.0785|-1|8.0168|0.1988|0.832|0.16|0.315|False|False|0|-1|True|10|
11|True|7/31/2022 3:55:00 AM|7/31/2022 12:10:00 PM||0.1885|0.0358|0.1595|0.267|0.2862|0.4208|0.287|8.25|0|42.7437|40.2219|0.1885|0.1885|2.856|0.0668|-1|2.6875|0.1885|0.421|0.067|0.22|False|False|0|-1|False|11|
12|True|8/1/2022 10:15:00 AM|8/1/2022 2:15:00 PM||0.1963|0.0076|0.0218|0.0423|0.1112|0.2381|0.05|4|0|9.0105|6.6159|0.1963|0.1963|0.771|0.0856|-1|0.5661|0.1963|0.033|0.035|0.016|False|False|0|-1|True|12|
13|True|8/1/2022 5:25:00 PM|8/1/2022 9:05:00 PM||0.1866|0.0085|0.0217|0.0414|0.0801|0.1952|0.05|3.67|0|10.3545|7.5964|0.1866|0.1866|0.886|0.0856|-1|0.65|0.1866|0.07|0.036|0.015|False|False|0|-1|True|13|
14|True|8/5/2022 8:15:00 AM|8/5/2022 11:40:00 PM||0.1747|0.2443|0.7062|0.8962|0.823|1.0559|0.945|15.42|0|260.2425|257.7544|0.1747|0.1747|18.273|0.0702|-1|18.0983|0.1747|1.476|0.122|0.824|False|False|0|-1|False|14|
15|True|8/5/2022 11:40:00 PM|8/6/2022 3:00:00 AM||0.1721|0.0052|0.0131|0.0302|0.1005|0.3259|0.039|3.33|0|9.5319|6.754|0.1721|0.1721|0.525|0.0551|-1|0.372|0.1721|0.007|0.019|0.02|False|False|0|-1|True|15|
16|True|8/6/2022 7:55:00 AM|8/6/2022 11:30:00 AM||0.1723|0.0089|0.027|0.061|0.1414|0.2804|0.077|3.58|0|16.2678|12.7365|0.1723|0.1723|0.896|0.0551|-1|0.7015|0.1723|0.033|0.034|0.043|False|False|0|-1|True|16|
17|True|8/7/2022 2:40:00 PM|8/7/2022 6:15:00 PM||0.2162|0.1942|0.3119|0.4015|0.546|0.7935|0.425|3.58|0|310.6552|306.556|0.2162|0.2162|20.757|0.0668|-1|20.4831|0.2162|0.123|0.039|0.385|False|False|0|-1|False|17|
18|True|8/9/2022 12:20:00 AM|8/9/2022 4:25:00 AM||0.2216|0.0183|0.0549|0.0838|0.1385|0.6238|0.093|4.08|0|28.6157|26.2948|0.2216|0.2216|2.096|0.0732|-1|1.926|0.2216|0.069|0.029|0.065|False|False|0|-1|False|18|
19|True|8/9/2022 12:10:00 PM|8/9/2022 4:35:00 PM||0.2294|0.0038|0.0141|0.041|0.0961|0.6473|0.054|4.42|0|5.5293|2.2868|0.2294|0.2294|0.405|0.0732|-1|0.1675|0.2294|0.091|0.045|0.008|False|False|0|-1|True|19|
20|True|8/9/2022 8:20:00 PM|8/10/2022 6:00:00 PM||0.2294|0.1759|0.3485|0.5568|0.4346|0.6544|0.627|21.67|0|169.1821|165.9068|0.2294|0.2294|12.392|0.0732|-1|12.1521|0.2294|0.869|0.21|0.417|False|False|0|-1|True|20|
21|True|8/14/2022 7:30:00 AM|8/14/2022 9:30:00 PM||0.1873|0.0449|0.109|0.2295|0.2048|0.3236|0.262|14|0|69.0844|65.5089|0.1873|0.1873|4.616|0.0668|-1|4.3771|0.1873|0.226|0.136|0.126|False|False|0|-1|False|21|
22|True|8/20/2022 1:55:00 PM|8/20/2022 11:20:00 PM||0.1759|0.117|0.1741|0.2541|0.2653|0.4888|0.281|9.42|0|174.4068|170.4161|0.1759|0.1759|9.606|0.0551|-1|9.3862|0.1759|0.74|0.085|0.195|False|False|0|-1|False|22|
23|True|8/21/2022 1:20:00 PM|8/21/2022 9:30:00 PM||0.1992|0.2326|0.4139|0.5438|0.5736|0.7328|0.576|8.17|0|290.78|287.0115|0.1992|0.1992|19.429|0.0668|-1|19.1772|0.1992|0.738|0.081|0.494|False|False|0|-1|True|23|
24|True|8/29/2022 12:05:00 PM|8/30/2022 9:00:00 AM||0.1805|0.1208|0.2872|0.5091|0.3875|0.586|0.559|20.92|0|105.2337|103.5694|0.1805|0.1805|7.708|0.0732|-1|7.5861|0.1805|0.842|0.154|0.405|False|False|0|-1|False|24|
25|True|9/3/2022 6:10:00 AM|9/4/2022 2:00:00 AM||0.1876|0.0729|0.3901|0.64|0.4737|0.7697|0.73|19.83|0|100.421|97.2582|0.1876|0.1876|5.531|0.0551|-1|5.3568|0.1876|0.722|0.199|0.53|False|False|0|-1|False|25|
26|True|9/4/2022 3:55:00 PM|9/4/2022 7:20:00 PM||0.2443|0.0046|0.0113|0.0296|0.0804|0.2758|0.038|3.42|0|6.9593|2.3751|0.2443|0.2443|0.465|0.0668|-1|0.1587|0.2443|0.009|0.042|-0.004|False|False|0|-1|True|26|
27|True|9/4/2022 11:35:00 PM|9/5/2022 7:35:00 AM||0.2505|0.0201|0.0504|0.1089|0.1251|0.2683|0.125|8|0|21.7023|19.5859|0.2505|0.2505|1.857|0.0856|-1|1.6759|0.2505|0.168|0.07|0.055|False|False|0|-1|True|27|
28|True|9/6/2022 9:35:00 AM|9/7/2022 12:00:00 AM||0.2727|0.121|0.3175|0.474|0.422|0.6126|0.514|14.42|0|105.4794|101.4396|0.2727|0.2727|7.726|0.0732|-1|7.4301|0.2727|0.498|0.175|0.339|False|False|0|-1|False|28|
29|True|9/11/2022 11:35:00 AM|9/11/2022 9:10:00 PM||0.1721|0.1415|0.2459|0.3074|0.3142|0.4476|0.328|9.58|0|206.8939|203.5325|0.1721|0.1721|13.824|0.0668|-1|13.5994|0.1721|0.507|0.084|0.244|False|False|0|-1|False|29|
30|True|9/19/2022 5:45:00 AM|9/19/2022 9:05:00 AM||0.21|0.007|0.0182|0.0456|0.1456|0.3976|0.062|3.33|0|8.2976|5.9193|0.21|0.21|0.71|0.0856|-1|0.5065|0.21|0.019|0.031|0.032|False|False|0|-1|False|30|
31|True|9/24/2022 3:35:00 AM|9/24/2022 8:30:00 AM||0.171|0.0043|0.0152|0.0404|0.0772|0.1947|0.05|4.92|0|8.0613|5.8353|0.171|0.171|0.444|0.0551|-1|0.3214|0.171|0.067|0.029|0.02|False|False|0|-1|False|31|
32|True|9/25/2022 6:50:00 AM|9/25/2022 10:15:00 AM||0.1961|0.003|0.0093|0.0258|0.0809|0.1998|0.033|3.42|0|4.5198|1.8902|0.1961|0.1961|0.302|0.0668|-1|0.1263|0.1961|0.033|0.029|0.005|False|False|0|-1|True|32|
33|True|10/13/2022 12:15:00 AM|10/13/2022 3:35:00 AM||0.1865|0.0114|0.0197|0.0307|0.0724|0.1814|0.036|3.33|0|16.9436|15.2316|0.1865|0.1865|1.253|0.074|-1|1.1264|0.1865|0.013|0.017|0.019|False|False|0|-1|False|33|
34|True|10/13/2022 6:30:00 AM|10/13/2022 3:10:00 PM||0.1845|0.0055|0.022|0.0505|0.0593|0.1634|0.065|8.67|0|5.6118|2.883|0.1845|0.1845|0.415|0.074|-1|0.2132|0.1845|0.102|0.067|-0.003|False|False|0|-1|True|34|
35|True|10/25/2022 6:35:00 PM|10/26/2022 6:50:00 AM||0.1938|0.0334|0.1318|0.2276|0.2163|0.3707|0.262|12.25|0|25.4756|22.8489|0.1938|0.1938|1.866|0.0732|-1|1.6736|0.1938|0.317|0.079|0.183|False|False|0|-1|False|35|
36|True|10/26/2022 10:20:00 AM|10/26/2022 1:40:00 PM||0.1779|0.0025|0.008|0.0229|0.0736|0.1976|0.03|3.33|0|3.186|1.0361|0.1779|0.1779|0.25|0.0785|-1|0.0813|0.1779|0.019|0.025|0.005|False|False|0|-1|True|36|
37|True|10/30/2022 1:45:00 PM|10/31/2022 1:30:00 AM||0.1823|0.0522|0.1554|0.3395|0.3131|0.5294|0.38|11.75|0|42.3247|39.0455|0.1823|0.1823|2.828|0.0668|-1|2.6089|0.1823|0.354|0.096|0.284|False|False|0|-1|False|37|
38|True|10/31/2022 3:05:00 PM|10/31/2022 10:55:00 PM||0.1839|0.0429|0.0997|0.1891|0.2128|0.3259|0.211|7.83|0|43.5449|40.6665|0.1839|0.1839|3.726|0.0856|-1|3.4797|0.1839|0.244|0.07|0.141|False|False|0|-1|True|38|
39|True|11/11/2022 5:30:00 AM|11/11/2022 6:00:00 PM||0.1873|0.0852|0.3271|0.5245|0.4991|0.6587|0.566|12.5|0|77.1485|74.3812|0.1873|0.1873|5.417|0.0702|-1|5.2227|0.1873|0.738|0.102|0.464|False|False|0|-1|False|39|
40|True|11/12/2022 12:00:00 PM|11/12/2022 5:00:00 PM||0.1808|0.0047|0.0219|0.0614|0.1126|0.2451|0.079|5|0|8.3336|3.8854|0.1808|0.1808|0.459|0.0551|-1|0.214|0.1808|0.033|0.05|0.029|False|False|0|-1|True|40|
41|True|11/13/2022 9:55:00 AM|11/13/2022 6:40:00 PM||0.2038|0.0058|0.0327|0.0881|0.1031|0.2177|0.11|8.75|0|6.5403|2.7313|0.2038|0.2038|0.437|0.0668|-1|0.1825|0.2038|0.067|0.092|0.019|False|False|0|-1|True|41|
42|True|11/14/2022 10:45:00 AM|11/14/2022 2:05:00 PM||0.2071|0.0023|0.0069|0.0185|0.0603|0.1842|0.024|3.33|0|2.723|0.2361|0.2071|0.2071|0.233|0.0856|-1|0.0202|0.2071|0.019|0.031|-0.007|False|False|0|-1|True|42|
43|True|11/15/2022 6:35:00 PM|11/15/2022 10:55:00 PM||0.2139|0.0048|0.0196|0.0472|0.0876|0.2567|0.059|4.33|0|6.4576|3.2616|0.2139|0.2139|0.473|0.0732|-1|0.2389|0.2139|0.033|0.041|0.018|False|False|0|-1|False|43|
44|True|11/16/2022 3:55:00 PM|11/16/2022 7:20:00 PM||0.2173|0.0036|0.0115|0.0336|0.0906|0.2232|0.043|3.42|0|4.9574|1.5229|0.2173|0.2173|0.389|0.0785|-1|0.1195|0.2173|0.033|0.037|0.006|False|False|0|-1|True|44|
45|True|11/25/2022 4:25:00 AM|11/25/2022 7:45:00 AM||0.2277|0.0082|0.0191|0.0415|0.1155|0.282|0.053|3.33|0|11.949|9.4381|0.2277|0.2277|0.839|0.0702|-1|0.6627|0.2277|0.033|0.03|0.023|False|False|0|-1|False|45|
46|True|11/26/2022 10:20:00 PM|11/28/2022 12:00:00 AM||0.2283|0.0823|0.2676|0.6392|0.3937|0.6983|0.712|25.67|0|75.5797|73.1792|0.2283|0.2283|5.05|0.0668|-1|4.8896|0.2283|0.639|0.238|0.475|False|False|0|-1|False|46|
47|True|11/29/2022 9:40:00 PM|11/30/2022 7:00:00 AM||0.2186|0.0291|0.089|0.191|0.2041|0.3817|0.218|9.33|0|26.7622|24.727|0.2186|0.2186|2.1|0.0785|-1|1.9403|0.2186|0.185|0.07|0.148|False|False|0|-1|False|47|
48|True|12/2/2022 7:40:00 PM|12/3/2022 7:45:00 AM||0.1864|0.0165|0.0715|0.1409|0.1315|0.308|0.169|12.08|0|17.1211|14.71|0.1864|0.1864|0.943|0.0551|-1|0.8102|0.1864|0.1|0.079|0.09|False|False|0|-1|False|48|
49|True|12/6/2022 5:40:00 PM|12/7/2022 3:30:00 AM||0.2066|0.092|0.228|0.3203|0.3286|0.5017|0.347|9.83|0|93.5471|90.3374|0.2066|0.2066|6.852|0.0732|-1|6.6169|0.2066|0.502|0.076|0.271|False|False|0|-1|False|49|
50|True|12/8/2022 10:25:00 AM|12/8/2022 4:05:00 PM||0.2053|0.0047|0.0235|0.0589|0.0981|0.2311|0.074|5.67|0|6.8423|4.0932|0.2053|0.2053|0.506|0.074|-1|0.3027|0.2053|0.033|0.051|0.023|False|False|0|-1|False|50|
51|True|12/9/2022 2:30:00 PM|12/9/2022 5:50:00 PM||0.1949|0.0029|0.0088|0.0253|0.0797|0.2438|0.033|3.33|0|4.472|1.3131|0.1949|0.1949|0.314|0.0702|-1|0.0922|0.1949|0.019|0.03|0.003|False|False|0|-1|True|51|
52|True|12/14/2022 4:15:00 AM|12/16/2022 12:00:00 AM||0.2372|0.056|0.278|1.0527|0.4929|1.0527|1.381|43.75|0|41.6625|39.0649|0.2372|0.2372|3.081|0.074|-1|2.8889|0.2372|0.918|0.461|0.921|False|False|0|-1|False|52|
53|True|12/22/2022 11:00:00 AM|12/22/2022 2:35:00 PM||0.24|0.0031|0.0109|0.0296|0.0882|0.3383|0.038|3.58|0|4.0162|0.8005|0.24|0.24|0.297|0.074|-1|0.0592|0.24|0.033|0.037|0.002|False|False|0|-1|False|53|
54|True|12/22/2022 7:00:00 PM|12/23/2022 12:10:00 AM||0.2379|0.0145|0.0576|0.1264|0.1678|0.3574|0.14|5.17|0|20.6757|17.1789|0.2379|0.2379|1.529|0.074|-1|1.2704|0.2379|0.085|0.05|0.09|False|False|0|-1|True|54|
55|True|12/25/2022 12:45:00 PM|12/25/2022 5:05:00 PM||0.2405|0.0038|0.0155|0.0445|0.0945|0.2411|0.058|4.33|0|5.6124|1.6149|0.2405|0.2405|0.375|0.0668|-1|0.1079|0.2405|0.04|0.051|0.007|False|False|0|-1|False|55|
56|True|12/27/2022 11:50:00 AM|12/27/2022 3:10:00 PM||0.2571|0.0045|0.0137|0.0391|0.1261|0.3019|0.051|3.33|0|5.9252|2.3168|0.2571|0.2571|0.434|0.0732|-1|0.1697|0.2571|0.031|0.039|0.012|False|False|0|-1|False|56|
57|True|12/28/2022 10:10:00 AM|12/28/2022 2:55:00 PM||0.2702|0.0069|0.0312|0.0841|0.1792|0.4144|0.1|4.75|0|8.5512|4.8096|0.2702|0.2702|0.671|0.0785|-1|0.3774|0.2702|0.052|0.058|0.042|False|False|0|-1|True|57|
58|True|12/30/2022 10:50:00 PM|1/1/2023 1:20:00 AM||0.2985|0.0477|0.2618|0.8699|0.4659|0.9746|1.035|26.5|0|47.2238|42.5178|0.2985|0.2985|2.601|0.0551|-1|2.3418|0.2985|0.37|0.37|0.665|False|False|0|-1|False|58|
59|True|1/3/2023 12:15:00 AM|1/4/2023 12:10:00 PM||0.3807|0.1219|0.4492|1.3545|0.8389|1.3545|1.577|35.92|0|112.2101|107.6583|0.3807|0.3807|8.219|0.0732|-1|7.8856|0.3807|1.181|0.598|0.979|False|False|0|-1|False|59|
60|True|1/4/2023 6:00:00 AM|1/4/2023 9:20:00 AM||0.4028|0.0056|0.0184|0.0537|0.1582|0.4271|0.071|3.33|0|7.0984|1.5063|0.4028|0.4028|0.557|0.0785|-1|0.1182|0.4028|0.015|0.061|0.009|False|False|0|-1|True|60|
61|True|1/12/2023 6:30:00 AM|1/13/2023 4:00:00 AM||0.2873|0.105|0.4379|0.8386|0.5963|0.9857|0.94|21.5|0|151.1263|147.0277|0.2873|0.2873|11.176|0.074|-1|10.8729|0.2873|0.718|0.258|0.682|False|False|0|-1|False|61|
62|True|1/16/2023 2:35:00 PM|1/16/2023 8:55:00 PM||0.2749|0.0309|0.0931|0.1695|0.2216|0.4506|0.196|6.33|0|42.3762|38.9964|0.2749|0.2749|3.626|0.0856|-1|3.3368|0.2749|0.181|0.08|0.115|False|False|0|-1|False|62|
63|True|1/17/2023 9:30:00 AM|1/17/2023 12:50:00 PM||0.2705|0.004|0.0123|0.0361|0.119|0.3044|0.048|3.33|0|5.3927|1.5659|0.2705|0.2705|0.395|0.0732|-1|0.1147|0.2705|0.015|0.038|0.009|False|False|0|-1|True|63|
64|True|1/18/2023 2:15:00 PM|1/19/2023 6:35:00 AM||0.2647|0.063|0.3075|0.6335|0.5169|0.9232|0.696|16.33|0|47.0378|43.2962|0.2647|0.2647|3.691|0.0785|-1|3.3974|0.2647|0.515|0.188|0.508|False|False|0|-1|False|64|
65|True|1/22/2023 12:00:00 PM|1/22/2023 3:40:00 PM||0.3647|0.0061|0.0208|0.0606|0.1708|0.4795|0.078|3.67|0|8.9947|2.7942|0.3647|0.3647|0.601|0.0668|-1|0.1867|0.3647|0.04|0.065|0.013|False|False|0|-1|False|65|
66|True|1/23/2023 8:35:00 AM|1/23/2023 7:35:00 PM||0.3875|0.0136|0.0719|0.1982|0.1928|0.4656|0.254|11|0|7.8769|3.0853|0.3875|0.3875|0.674|0.0856|-1|0.264|0.3875|0.138|0.193|0.061|False|False|0|-1|True|66|
67|True|1/24/2023 10:30:00 AM|1/24/2023 6:30:00 PM||0.4078|0.01|0.0583|0.1594|0.2003|0.7083|0.2|8|0|10.1029|4.1326|0.4078|0.4078|0.74|0.0732|-1|0.3027|0.4078|0.2|0.146|0.053|False|False|0|-1|True|67|
68|True|1/25/2023 12:35:00 AM|1/27/2023 12:00:00 AM||0.4164|0.0497|0.3659|1.3088|0.6434|1.3088|1.894|47.42|0|32.6499|26.8642|0.4164|0.4164|2.562|0.0785|-1|2.108|0.4164|0.56|0.884|1.01|False|False|0|-1|True|68|
69|True|1/29/2023 2:25:00 AM|1/29/2023 10:35:00 AM||0.3909|0.0081|0.0402|0.0995|0.1333|0.4373|0.137|8.17|0|9.1743|4.1352|0.3909|0.3909|0.613|0.0668|-1|0.2763|0.3909|0.033|0.13|0.007|False|False|0|-1|False|69|
70|True|1/30/2023 1:10:00 PM|1/30/2023 6:55:00 PM||0.3981|0.0054|0.0285|0.0836|0.1486|0.3977|0.108|5.75|0|6.3459|1.635|0.3981|0.3981|0.543|0.0856|-1|0.1399|0.3981|0.033|0.096|0.012|False|False|0|-1|False|70|
71|True|1/31/2023 12:05:00 PM|1/31/2023 5:30:00 PM||0.3531|0.0058|0.0299|0.0833|0.1504|0.3777|0.106|5.42|0|7.8775|3.4677|0.3531|0.3531|0.577|0.0732|-1|0.254|0.3531|0.067|0.074|0.031|False|False|0|-1|True|71|
72|True|2/7/2023 1:40:00 PM|2/7/2023 5:15:00 PM||0.2682|0.0089|0.0254|0.0539|0.1579|0.3807|0.068|3.58|0|12.1781|8.3117|0.2682|0.2682|0.892|0.0732|-1|0.6088|0.2682|0.033|0.044|0.024|False|False|0|-1|False|72|
73|True|2/7/2023 8:35:00 PM|2/7/2023 11:55:00 PM||0.2699|0.0117|0.0308|0.0605|0.1265|0.3894|0.072|3.33|0|16.7926|12.7774|0.2699|0.2699|1.23|0.0732|-1|0.9359|0.2699|0.019|0.037|0.036|False|False|0|-1|True|73|
74|True|2/8/2023 7:05:00 PM|2/9/2023 9:30:00 AM||0.2838|0.0416|0.1672|0.3527|0.2494|0.6324|0.444|14.42|0|35.334|31.806|0.2838|0.2838|2.613|0.074|-1|2.3521|0.2838|0.227|0.168|0.276|False|False|0|-1|True|74|
75|True|2/10/2023 12:55:00 PM|2/10/2023 4:15:00 PM||0.2892|0.004|0.0128|0.0379|0.1172|0.3415|0.049|3.33|0|5.9389|1.9113|0.2892|0.2892|0.417|0.0702|-1|0.1342|0.2892|0.025|0.041|0.008|False|False|0|-1|False|75|
76|True|2/15/2023 12:05:00 PM|2/15/2023 3:25:00 PM||0.2607|0.003|0.0095|0.0269|0.0937|1.5552|0.036|3.33|0|3.9251|0.2957|0.2607|0.2607|0.308|0.0785|-1|0.0232|0.2607|0.026|0.04|-0.004|False|False|0|-1|False|76|
77|True|2/16/2023 5:15:00 AM|2/18/2023 1:50:00 AM||0.2764|0.2787|1.1639|2.0852|1.4725|2.0852|2.533|44.58|0|263.3081|259.246|0.2764|0.2764|19.472|0.074|-1|19.1716|0.2764|1.846|0.551|1.982|False|False|0|-1|True|77|
78|True|2/20/2023 5:40:00 PM|2/20/2023 10:30:00 PM||0.3154|0.0134|0.0406|0.078|0.1286|0.3252|0.094|4.83|0|16.3732|12.3681|0.3154|0.3154|1.401|0.0856|-1|1.0583|0.3154|0.068|0.066|0.029|False|False|0|-1|False|78|
79|True|2/21/2023 5:35:00 AM|2/21/2023 8:55:00 AM||0.2999|0.0038|0.012|0.0346|0.1054|0.3472|0.044|3.33|0|5.0378|0.998|0.2999|0.2999|0.369|0.0732|-1|0.0731|0.2999|0.031|0.041|0.003|False|False|0|-1|True|79|
80|True|2/22/2023 3:10:00 AM|2/22/2023 8:20:00 AM||0.261|0.0162|0.0568|0.1076|0.1643|0.5001|0.126|5.17|0|22.1872|19.4663|0.261|0.261|1.741|0.0785|-1|1.5275|0.261|0.048|0.055|0.071|False|False|0|-1|True|80|
81|True|2/22/2023 7:50:00 PM|2/23/2023 1:40:00 AM||0.2591|0.031|0.1053|0.1913|0.2406|0.4687|0.213|5.83|0|41.4178|37.824|0.2591|0.2591|3.25|0.0785|-1|2.968|0.2591|0.231|0.059|0.153|False|False|0|-1|True|81|
82|True|2/25/2023 5:50:00 AM|2/25/2023 9:10:00 AM||0.2859|0.0051|0.0138|0.0365|0.1174|0.3186|0.047|3.33|0|8.9509|4.5445|0.2859|0.2859|0.493|0.0551|-1|0.2503|0.2859|0.04|0.038|0.009|False|False|0|-1|False|82|
83|True|2/27/2023 5:50:00 AM|2/27/2023 5:25:00 PM||0.2976|0.0425|0.1462|0.2791|0.2658|0.5426|0.335|11.58|0|30.7362|27.1227|0.2976|0.2976|2.63|0.0856|-1|2.3208|0.2976|0.161|0.149|0.186|False|False|0|-1|False|83|
84|True|3/1/2023 7:15:00 PM|3/1/2023 10:55:00 PM||0.3051|0.0268|0.0676|0.0981|0.1533|0.3483|0.111|3.67|0|40.6404|36.194|0.3051|0.3051|3.189|0.0785|-1|2.8401|0.3051|0.071|0.051|0.06|False|False|0|-1|False|84|
85|True|3/3/2023 5:00:00 AM|3/5/2023 8:10:00 PM||0.3391|0.1677|1.0252|3.0773|1.9307|3.0773|4.154|63.17|0|140.5677|135.4463|0.3391|0.3391|9.87|0.0702|-1|9.5104|0.3391|2.162|1.075|3.079|False|False|0|-1|False|85|
86|True|3/9/2023 8:45:00 PM|3/10/2023 8:10:00 AM||0.2787|0.0238|0.0973|0.189|0.181|0.4077|0.238|11.42|0|17.4709|13.8713|0.2787|0.2787|1.292|0.074|-1|1.0258|0.2787|0.1|0.113|0.125|False|False|0|-1|False|86|
87|True|3/13/2023 3:05:00 AM|3/13/2023 6:35:00 AM||0.2955|0.0043|0.0117|0.0342|0.1125|0.3446|0.044|3.5|0|5.3058|2.5898|0.2955|0.2955|0.454|0.0856|-1|0.2216|0.2955|0.033|0.037|0.007|False|False|0|-1|False|87|
88|True|3/17/2023 1:40:00 AM|3/17/2023 1:10:00 PM||0.2317|0.0379|0.1279|0.3157|0.2959|0.5633|0.37|11.5|0|27.0454|24.7624|0.2317|0.2317|1.899|0.0702|-1|1.7387|0.2317|0.281|0.101|0.269|False|False|0|-1|False|88|
89|True|3/22/2023 11:10:00 PM|3/23/2023 3:05:00 AM||0.2685|0.0046|0.0165|0.0428|0.1067|0.8243|0.054|3.92|0|5.9634|2.9884|0.2685|0.2685|0.441|0.074|-1|0.221|0.2685|0.033|0.036|0.017|False|False|0|-1|False|89|
90|True|3/23/2023 7:10:00 PM|3/24/2023 6:35:00 PM||0.2805|0.295|0.8758|2.3479|1.321|2.6938|2.664|23.42|0|269.2985|265.1904|0.2805|0.2805|19.915|0.074|-1|19.6112|0.2805|1.806|0.279|2.385|False|False|0|-1|True|90|
91|True|3/24/2023 6:35:00 PM|3/27/2023 6:00:00 AM||0.2866|0.2336|1.2752|2.6533|1.7391|2.6533|3.809|59.42|0|174.9192|170.9343|0.2866|0.2866|12.282|0.0702|-1|12.0022|0.2866|1.181|0.84|2.969|False|False|0|-1|True|91|
92|True|3/31/2023 3:10:00 AM|4/2/2023 10:15:00 AM||0.3483|0.0966|0.3343|1.254|0.5055|1.254|2.152|55.08|0|91.8461|87.2161|0.3483|0.3483|6.449|0.0702|-1|6.1239|0.3483|0.875|0.83|1.322|False|False|0|-1|False|92|
93|True|4/4/2023 7:45:00 AM|4/4/2023 11:15:00 AM||0.3648|0.0052|0.0168|0.0474|0.1307|0.3631|0.06|3.5|0|7.3587|2.0083|0.3648|0.3648|0.539|0.0732|-1|0.1471|0.3648|0.033|0.056|0.004|False|False|0|-1|False|93|
94|True|4/5/2023 10:35:00 AM|4/8/2023 11:00:00 AM||0.3724|0.2971|1.0806|2.3774|1.5047|2.3774|3.499|72.42|0|229.6838|224.3925|0.3724|0.3724|18.023|0.0785|-1|17.6078|0.3724|1.38|1.156|2.343|False|False|0|-1|True|94|
95|True|4/16/2023 1:20:00 PM|4/16/2023 4:40:00 PM||0.2968|0.0038|0.0121|0.0299|0.1049|0.2918|0.04|3.33|0|5.6573|1.2392|0.2968|0.2968|0.378|0.0668|-1|0.0828|0.2968|0.015|0.044|-0.004|False|False|0|-1|False|95|
96|True|4/21/2023 9:40:00 AM|4/22/2023 5:00:00 AM||0.2683|0.0757|0.3174|0.7161|0.5009|0.9307|0.81|19.33|0|104.7635|100.7687|0.2683|0.2683|7.356|0.0702|-1|7.0755|0.2683|0.988|0.219|0.591|False|False|0|-1|False|96|
97|True|4/24/2023 7:50:00 AM|4/24/2023 5:00:00 PM||0.3317|0.0098|0.0504|0.1439|0.1653|0.4595|0.189|9.17|0|7.5847|3.4371|0.3317|0.3317|0.649|0.0856|-1|0.2941|0.3317|0.194|0.134|0.055|False|False|0|-1|False|97|
98|True|4/27/2023 7:00:00 PM|4/29/2023 8:35:00 PM||0.3195|0.074|0.4199|1.0804|0.639|1.0804|1.592|49.58|0|52.4957|48.5307|0.3195|0.3195|3.686|0.0702|-1|3.4076|0.3195|0.685|0.737|0.855|False|False|0|-1|False|98|
99|True|4/29/2023 8:35:00 PM|4/30/2023 8:20:00 AM||0.3791|0.041|0.1473|0.3483|0.3125|0.8865|0.422|11.75|0|49.9126|44.7297|0.3791|0.3791|3.335|0.0668|-1|2.9887|0.3791|0.195|0.184|0.238|False|False|0|-1|True|99|
100|True|4/30/2023 12:45:00 PM|4/30/2023 9:40:00 PM||0.4106|0.0288|0.1151|0.314|0.3655|0.8614|0.393|8.92|0|37.8647|30.6495|0.4106|0.4106|2.53|0.0668|-1|2.0479|0.4106|0.229|0.174|0.219|False|False|0|-1|True|100|
101|True|5/1/2023 5:20:00 AM|5/2/2023 8:00:00 PM||0.4299|0.036|0.2641|0.9815|0.4481|0.9815|1.366|38.67|0|22.9411|17.418|0.4299|0.4299|1.963|0.0856|-1|1.4904|0.4299|0.37|0.758|0.608|False|False|0|-1|True|101|
102|True|5/7/2023 3:55:00 AM|5/8/2023 10:25:00 AM||0.3167|0.1124|0.4023|0.7893|0.534|0.805|0.912|30.5|0|141.9253|137.3875|0.3167|0.3167|9.483|0.0668|-1|9.1798|0.3167|0.742|0.427|0.486|False|False|0|-1|False|102|
103|True|5/12/2023 12:10:00 PM|5/12/2023 3:45:00 PM||0.2804|0.0126|0.0272|0.0508|0.1331|0.3869|0.063|3.58|0|19.3832|15.3941|0.2804|0.2804|1.361|0.0702|-1|1.0809|0.2804|0.059|0.043|0.021|False|False|0|-1|False|103|
104|True|5/12/2023 7:20:00 PM|5/13/2023 2:35:00 AM||0.2745|0.0184|0.0533|0.1088|0.1405|0.4097|0.132|7.25|0|20.8217|17.0917|0.2745|0.2745|1.462|0.0702|-1|1.2001|0.2745|0.052|0.078|0.054|False|False|0|-1|True|104|
105|True|5/13/2023 1:50:00 PM|5/13/2023 5:15:00 PM||0.2792|0.0299|0.0483|0.075|0.1515|0.3578|0.087|3.42|0|80.8488|75.057|0.2792|0.2792|4.453|0.0551|-1|4.134|0.2792|0.037|0.046|0.041|False|False|0|-1|True|105|
106|True|5/15/2023 6:05:00 AM|5/15/2023 11:45:00 AM||0.2965|0.0239|0.088|0.1641|0.2229|0.4275|0.186|5.67|0|28.5625|25.0716|0.2965|0.2965|2.444|0.0856|-1|2.1453|0.2965|0.125|0.072|0.114|False|False|0|-1|False|106|
107|True|5/16/2023 7:55:00 AM|5/16/2023 12:00:00 PM||0.2983|0.0135|0.0426|0.0848|0.1521|0.3616|0.099|4.08|0|19.0316|14.6492|0.2983|0.2983|1.394|0.0732|-1|1.073|0.2983|0.114|0.056|0.043|False|False|0|-1|True|107|
108|True|5/16/2023 4:40:00 PM|5/16/2023 8:05:00 PM||0.3082|0.0037|0.012|0.0354|0.1045|0.3203|0.046|3.42|0|5.0787|0.1611|0.3082|0.3082|0.372|0.0732|-1|0.0118|0.3082|0.015|0.051|-0.005|False|False|0|-1|True|108|
109|True|5/20/2023 2:05:00 AM|5/20/2023 9:10:00 AM||0.2655|0.0148|0.0656|0.1534|0.1938|0.4218|0.179|7.08|0|21.8599|17.851|0.2655|0.2655|1.204|0.0551|-1|0.9832|0.2655|0.212|0.07|0.109|False|False|0|-1|False|109|
110|True|6/3/2023 5:05:00 PM|6/3/2023 8:25:00 PM||0.2269|0.0046|0.0131|0.0331|0.0938|0.2773|0.043|3.33|0|8.6241|3.8364|0.2269|0.2269|0.475|0.0551|-1|0.2113|0.2269|0.019|0.039|0.004|False|False|0|-1|False|110|
111|True|6/7/2023 1:10:00 AM|6/7/2023 8:15:00 AM||0.2457|0.0089|0.0372|0.0782|0.1168|0.3144|0.104|7.08|0|8.5129|5.2046|0.2457|0.2457|0.668|0.0785|-1|0.4084|0.2457|0.033|0.063|0.041|False|False|0|-1|False|111|
112|True|6/11/2023 7:40:00 AM|6/11/2023 1:35:00 PM||0.223|0.0411|0.1285|0.1974|0.2432|0.6417|0.217|5.92|0|69.3238|65.4117|0.223|0.223|4.632|0.0668|-1|4.3706|0.223|0.336|0.067|0.15|False|False|0|-1|False|112|
113|True|6/11/2023 4:35:00 PM|6/11/2023 9:50:00 PM||0.2323|0.0669|0.1356|0.2804|0.3314|0.4749|0.3|5.25|0|122.948|118.8667|0.2323|0.2323|8.215|0.0668|-1|7.9423|0.2323|0.616|0.058|0.241|False|False|0|-1|True|113|
114|True|6/12/2023 8:20:00 AM|6/12/2023 11:40:00 AM||0.2408|0.0025|0.008|0.0227|0.0792|0.2456|0.03|3.33|0|3.0269|-0.0421|0.2408|0.2408|0.259|0.0856|-1|-0.0036|0.2408|0.015|0.035|-0.006|False|False|0|-1|True|114|
115|True|6/13/2023 5:55:00 PM|6/14/2023 3:50:00 AM||0.2474|0.0215|0.0555|0.1068|0.1122|0.3226|0.129|9.92|0|26.6907|22.812|0.2474|0.2474|1.955|0.0732|-1|1.6709|0.2474|0.1|0.093|0.036|False|False|0|-1|False|115|
116|True|6/19/2023 8:00:00 AM|6/19/2023 8:35:00 PM||0.2531|0.0485|0.1513|0.3107|0.282|0.5053|0.361|12.58|0|38.8819|35.8655|0.2531|0.2531|3.327|0.0856|-1|3.0689|0.2531|0.165|0.142|0.219|False|False|0|-1|False|116|
117|True|6/23/2023 12:35:00 AM|6/23/2023 3:55:00 AM||0.2059|0.0075|0.0212|0.0444|0.1097|0.3154|0.052|3.33|0|10.3824|8.4811|0.2059|0.2059|0.729|0.0702|-1|0.5955|0.2059|0.019|0.019|0.032|False|False|0|-1|False|117|
118|True|6/25/2023 8:50:00 AM|6/25/2023 3:40:00 PM||0.2298|0.0058|0.0299|0.0799|0.1201|0.2833|0.104|6.83|0|8.5457|4.6485|0.2298|0.2298|0.571|0.0668|-1|0.3106|0.2298|0.033|0.077|0.027|False|False|0|-1|False|118|
119|True|6/25/2023 6:50:00 PM|6/25/2023 10:10:00 PM||0.2306|0.0034|0.0103|0.0292|0.0704|0.2592|0.038|3.33|0|5.1035|1.2886|0.2306|0.2306|0.341|0.0668|-1|0.0861|0.2306|0.019|0.033|0.005|False|False|0|-1|True|119|
120|True|6/29/2023 4:25:00 PM|6/30/2023 6:05:00 AM||0.2046|0.1151|0.2031|0.3577|0.305|0.5016|0.395|13.67|0|223.1281|221.3236|0.2046|0.2046|15.667|0.0702|-1|15.5403|0.2046|0.367|0.103|0.292|False|False|0|-1|False|120|
121|True|6/30/2023 11:20:00 PM|7/1/2023 2:00:00 PM||0.1859|0.0252|0.1299|0.241|0.1894|0.4753|0.295|14.67|0|26.8891|22.1431|0.1859|0.1859|1.481|0.0551|-1|1.2196|0.1859|0.215|0.114|0.181|False|False|0|-1|True|121|
122|True|7/1/2023 10:05:00 PM|7/2/2023 1:35:00 AM||0.2034|0.0537|0.0772|0.1046|0.1497|0.3169|0.113|3.5|0|137.314|133.9261|0.2034|0.2034|7.563|0.0551|-1|7.3764|0.2034|0.176|0.026|0.087|False|False|0|-1|True|122|
123|True|7/2/2023 5:55:00 AM|7/2/2023 9:15:00 AM||0.2082|0.0032|0.0099|0.0276|0.0886|0.2224|0.034|3.33|0|4.8341|1.2272|0.2082|0.2082|0.323|0.0668|-1|0.082|0.2082|0.007|0.028|0.006|False|False|0|-1|True|123|
124|True|7/2/2023 5:15:00 PM|7/2/2023 8:35:00 PM||0.2149|0.0029|0.009|0.0248|0.0637|0.2388|0.032|3.33|0|4.3402|0.464|0.2149|0.2149|0.29|0.0668|-1|0.031|0.2149|0.012|0.035|-0.002|False|False|0|-1|True|124|
125|True|7/8/2023 10:00:00 AM|7/8/2023 3:30:00 PM||0.1804|0.035|0.1401|0.2533|0.3085|0.4467|0.275|5.5|0|71.444|66.5673|0.1804|0.1804|3.935|0.0551|-1|3.6664|0.1804|0.388|0.057|0.217|False|False|0|-1|False|125|
126|True|7/10/2023 1:30:00 PM|7/10/2023 5:20:00 PM||0.2077|0.0028|0.0096|0.0272|0.0775|0.2185|0.036|3.83|0|3.4593|0.7328|0.2077|0.2077|0.296|0.0856|-1|0.0627|0.2077|0.12|0.037|-0.001|False|False|0|-1|False|126|
127|True|7/13/2023 2:55:00 PM|7/13/2023 6:25:00 PM||0.1996|0.0587|0.0935|0.1245|0.1804|0.3206|0.134|3.5|0|97.1314|94.0997|0.1996|0.1996|7.183|0.074|-1|6.9588|0.1996|0.092|0.034|0.1|False|False|0|-1|False|127|
128|True|7/15/2023 11:25:00 AM|7/15/2023 9:35:00 PM||0.1879|0.2178|0.3146|0.5902|0.6011|0.8441|0.649|10.17|0|367.3328|362.9662|0.1879|0.1879|20.232|0.0551|-1|19.9915|0.1879|0.727|0.105|0.544|False|False|0|-1|False|128|
129|True|7/16/2023 8:25:00 PM|7/17/2023 12:05:00 AM||0.2234|0.149|0.2298|0.2916|0.3749|0.5714|0.307|3.67|0|270.0517|266.5361|0.2234|0.2234|18.044|0.0668|-1|17.8091|0.2234|0.238|0.03|0.277|False|False|0|-1|True|129|
130|True|7/17/2023 7:40:00 PM|7/18/2023 1:00:00 AM||0.2145|0.0187|0.0598|0.0976|0.129|0.2673|0.11|5.33|0|27.0081|23.8001|0.2145|0.2145|2.311|0.0856|-1|2.0365|0.2145|0.177|0.048|0.062|False|False|0|-1|True|130|
131|True|7/18/2023 6:45:00 AM|7/18/2023 10:05:00 AM||0.2222|0.0027|0.0085|0.0237|0.0696|0.1992|0.032|3.33|0|3.7681|0.4696|0.2222|0.2222|0.276|0.0732|-1|0.0344|0.2222|0.009|0.034|-0.002|False|False|0|-1|True|131|
132|True|7/20/2023 10:05:00 PM|7/21/2023 1:25:00 AM||0.2062|0.002|0.0063|0.0176|0.0512|0.1714|0.023|3.33|0|2.6774|0.48|0.2062|0.2062|0.198|0.074|-1|0.0355|0.2062|0.009|0.021|0.001|False|False|0|-1|False|132|
133|True|7/24/2023 4:00:00 PM|7/24/2023 7:35:00 PM||0.2063|0.0045|0.0128|0.0343|0.0824|0.2271|0.043|3.58|0|6.3927|3.5411|0.2063|0.2063|0.547|0.0856|-1|0.303|0.2063|0.215|0.037|0.006|False|False|0|-1|False|133|
134|True|7/27/2023 8:20:00 PM|7/28/2023 9:50:00 AM||0.2251|0.0748|0.2339|0.3258|0.3031|0.6688|0.359|13.5|0|144.1217|141.0291|0.2251|0.2251|10.658|0.074|-1|10.4293|0.2251|0.594|0.107|0.251|False|False|0|-1|False|134|
135|True|7/28/2023 9:50:00 AM|7/29/2023 3:45:00 AM||0.2144|0.137|0.2221|0.3446|0.28|0.6464|0.381|17.92|0|202.2922|199.0535|0.2144|0.2144|14.204|0.0702|-1|13.9766|0.2144|0.312|0.152|0.229|False|False|0|-1|True|135|
136|True|7/29/2023 3:45:00 AM|7/29/2023 1:55:00 PM||0.2043|0.1082|0.197|0.2973|0.3022|0.4725|0.331|10.17|0|197.2652|194.4983|0.2043|0.2043|10.865|0.0551|-1|10.7126|0.2043|0.35|0.092|0.238|False|False|0|-1|True|136|
